,0,1,2,3,4,5,6,7,8,9,10,11
0,8.239553689470238,4.464675296752834,0.12117940500320065,0.034518861555246444,14.687980977487388,4.625348264828522,0.11897390133350662,0.0024921479661194628,23.098106196472784,4.297765655169571,0.06918027459975169,0.015971524858414406
1,8.242434711264037,4.4887085144603915,0.11841161282538595,0.011819050219493027,14.656935732367618,4.637078602949015,0.13217113324835933,0.014825367983441229,23.10448401319789,4.297395349539111,0.07966928913588428,0.014622050765295332
2,8.234613263226107,4.514293929306807,0.11562774602116944,0.03891303573436459,14.63154662784684,4.635760154114512,0.13247346169963234,0.01182294148323679,23.112483451216654,4.2928995029007915,0.08930987440969397,0.011124132906644374
3,8.236878639295274,4.524246339145175,0.15589921036563764,0.03599216869501839,14.601547078235749,4.641224725208872,0.13199678325311212,-0.0009215263593308595,23.11931841075241,4.297464365084145,0.07277364703969197,0.03074079206107626
4,8.237117273877669,4.520043814281926,0.16064603639502004,0.010670097964400048,14.485096232910399,4.610599003458581,0.10442309352744596,0.02334132682943009,23.12939659024713,4.2937781434834585,0.08799785550207474,-0.000614350906220573
5,8.236928767357629,4.51090175516379,0.16088132954210999,-0.006180437263090673,14.459752085980616,4.634563607977495,0.1344655438304539,0.012000730076969677,23.134963582332663,4.2954706088539485,0.10592186913952584,0.004069107763277103
6,8.236899350857634,4.4989581317983385,0.15681256356260515,0.007669413857911302,14.452001175339827,4.660144646349957,0.13489124334045022,0.005417791991895595,23.13052313477732,4.299449715078456,0.09194941986664168,-0.0030502764117443858
7,8.23503171963613,4.4820019297192335,0.13962219687408153,0.02587744461988493,14.449999166562153,4.657933884990347,0.13088509074295046,-0.005485710638525093,23.131437520276123,4.309320115889881,0.09435926018631144,0.022479546638933232
8,8.234734272168527,4.462317686715953,0.13594947549031194,0.016933402313447546,14.456703439083464,4.638618788529079,0.1192343557165023,0.02059534939908997,23.133973515339843,4.315064980788513,0.09447566882606798,0.021985176821374984
9,8.232121385512238,4.44602573832224,0.13158246750132346,0.02533878936064537,14.466971809552085,4.618786874153879,0.11133741386912166,0.0325573382348114,23.142218007147413,4.319703134105388,0.10363839824076354,0.02660981792663941
10,8.230412921373253,4.426268811799633,0.13733061138634625,0.03195783434859663,14.46451466538595,4.624979468632417,0.11937377655688335,0.033554455301007084,23.15557234474731,4.321098529920759,0.11323973406165315,0.03657543751817701
11,8.230463081578284,4.412925313645629,0.15052051403806666,0.048037223626227456,14.465925174500272,4.6250527267931405,0.14476673969279458,0.02552628211703877,23.170618913570472,4.316968693039391,0.10924571248458588,0.01965640617547373
12,8.21917478666776,4.412339144646168,0.1548918293722942,0.025642176071934638,14.461466027929585,4.629034645178538,0.13263001494164373,0.019112277116538536,23.186405469929603,4.312175684544616,0.1049422726738845,0.003481293730795212
13,8.231903507921286,4.42494135171959,0.1613335256379696,0.02324851619399837,14.461617751816904,4.626233534719385,0.008780390914482895,-0.08353983921093495,23.206033554404144,4.301267592304424,0.09749830946522124,0.009903517123928762
14,8.233025772723483,4.442560493735822,0.1568983453674581,0.031351383078802864,14.462967830309625,4.614365533870185,0.15268669602263396,-0.0443595858602374,23.12164728619849,4.2793430573197595,0.09486992461886908,0.014686640283267681
15,8.237367899176345,4.453322611562017,0.16020394676375746,0.015990479708725858,14.458068982969714,4.613408896146481,0.13522996040211582,-0.014451913701727772,23.1446929773449,4.270717641302034,0.10099984616824204,-0.00017627816495575688
16,8.23319351725179,4.476989252302948,0.169077341159038,0.025570543728874417,14.458220687741008,4.610607841684112,0.15380278100636469,-0.007791312771813802,23.167243566232234,4.271889159221375,0.11096375813280167,-0.015200144112642103
17,8.232188808681615,4.507143244405957,0.17356879456275048,0.03468246753092566,14.455096201827764,4.616063500052974,0.15997563122502262,-0.002792385029965356,23.176959149868086,4.331330959094997,0.10499424278337877,0.0010995373322058627
18,8.234165385410009,4.534642823755651,0.1806967266354168,0.028942926307570564,14.792679362666615,4.533179049374068,0.1427770292780233,0.007982475214022412,23.177897984124364,4.410668701818743,0.10332468658426952,0.0236645122971608
19,8.228927287158951,4.564578461110557,0.18000088713186885,0.026901312825589118,14.80403845068923,4.5323646111404265,0.1594388574799207,0.013388454933170507,23.174919706743854,4.525597606488794,0.10927985297716246,0.01946570659621061
20,8.210620230405265,4.612804748613682,0.16515019766557884,0.016775345332369133,14.824905682717798,4.525724427115608,0.1628311932071232,0.026664630482054617,23.168165035098287,4.6733279454560055,0.1376132884226015,0.01958527123932404
21,8.183556118965896,4.678142804644442,0.17114143592152914,0.031410331273597374,14.854600141270346,4.525862214330816,0.18092943082230414,0.005053816608966026,23.149839195672804,4.882247753498938,0.14556940610501085,0.020458445841129626
22,8.136870569800244,4.764950025581284,0.17295547141282686,0.00392490870809121,14.907705636905822,4.498427379886594,0.1897722244342282,-0.02162181382967018,23.12825580444606,5.155630114037075,0.1321950794339384,0.02737628487312916
23,8.080330884672142,4.8631982673559415,0.1457756608703143,-0.01893295269690168,14.943041101732119,4.498858198411923,0.1806227269072644,0.01168034779378536,23.12576689813257,5.470800959916478,0.1313791478249069,0.03105671452039413
24,8.013479819601887,4.956000800243489,0.1706990105749639,-0.010141389881489368,14.958441883847616,4.541085396183643,0.1803589423481002,0.024385485746129136,23.122994340499808,5.7916602466479485,0.11882276587218192,0.055155691551141285
25,7.943772320908249,5.0367154211945335,0.1779780405817356,0.0027959024815039967,14.974309249243381,4.6402173820697845,0.17026892338956354,0.015795370453362084,23.119980973809,6.0753508361401565,0.16872428672006096,0.033408308409835163
26,7.86242102662343,5.11050619492057,0.17798671579956046,-0.0021746261486739684,14.97691653790378,4.788532138990886,0.16483227434568515,0.0196550587388792,23.123785061391214,6.294100069606968,0.16574116685420887,0.009266369828865178
27,7.783488017192987,5.191456863246981,0.18068183623115908,-0.02186490466790569,14.981073389837375,4.9474817585900235,0.1929503235992808,0.0043786553795468405,23.11769213834701,6.442787394989775,0.1634733936777882,0.022393069451660263
28,7.697038511026325,5.292409582296734,0.14984212262070878,0.01866382298781445,15.010409948265805,5.0986272013885445,0.2009629581364505,0.0038586859223377072,23.121059382222942,6.544182600582569,0.15633753030266878,0.02897544855325145
29,7.5598071104793885,5.526428713787104,0.21716997831605733,0.03517386129220364,15.035291026771278,5.253775313776095,0.14697761118798952,-0.002565503746280671,23.11145169949157,6.6224170267687406,0.17316701308706964,0.02526233517517034
30,7.51161360095454,5.626585983727884,0.20707688863744067,0.01957452917025088,15.065414016546535,5.364244717076099,0.19496175215496614,-0.020147337210300285,23.101451121444878,6.7224308154070975,0.16860532233905634,0.028517455688453583
31,7.476631857333325,5.6936832611254635,0.20395525942886847,-0.004272253656204768,15.090738483484097,5.445663952462004,0.1879954185726142,-0.0013124769360166786,23.085015930344586,6.893839089406643,0.15880393028871895,0.03202048914141838
32,7.465919480663314,5.732507852489411,0.20567879742148806,-0.011499230028591705,15.128397693122471,5.521404048339419,0.19669283054385026,0.010996836483653252,23.079539775205692,7.114366620938622,0.16633885792359848,0.014845347576695816
33,7.4674882426281615,5.767048190042836,0.2226736774827452,-0.012059575295604969,15.154521461745038,5.627472561383022,0.1899510957713127,0.004310593378828497,23.079058688826922,7.404130920078098,0.16971810882438482,0.00978588458312648
34,7.474435837664899,5.831406502772137,0.21599967101327014,-0.000376990927034094,15.195769493766658,5.768072792624827,0.16054527670766627,0.05278460122856727,23.09565175177216,8.267035674534668,0.14799797125261918,0.0007749226470501245
35,7.4948891355771305,5.919679102925586,0.22539307185272756,-0.01655183255084472,15.219872699309395,5.898660458168081,0.20534074215596565,-0.04854049454669007,23.103670701054355,8.416700874242064,0.150304825953444,-0.014472708630553815
36,7.521069724214968,6.0441287027668285,0.18299749148127908,-0.000958181381149834,15.222840219207747,6.080190539068438,0.189465175369772,0.014245958097002315,23.10831047755044,8.521145360871463,0.1375088542818554,0.02030554097017516
37,7.566969023580548,6.182980102704517,0.19595701396106974,0.004104714297137939,15.231045642638884,6.217018004233157,0.1905347335996264,0.013323486485127921,23.107133378662862,8.586568601509626,0.12969486412263992,0.02946595018338917
38,7.616364011745567,6.3227316739099635,0.20291065160423494,0.006022247549277437,15.232971527225457,6.312748926441443,0.1959892531956404,-0.002052469686784253,23.07972227689651,8.680915997828045,0.11194718933474007,0.0340121566509955
39,7.664325673880309,6.450462115406711,0.20145752439934053,-0.014794115819781562,15.234728340749808,6.701067682219776,0.16797111987460578,0.032042204794158965,23.065251321742192,8.841439966522143,0.1207841775694845,0.03924515828561833
40,7.726229140937831,6.5697803231258085,0.21098843073612308,-0.0022095464485279467,15.22150038135226,6.881175452683528,0.14617787440808042,0.02315230082595418,23.067500794190693,9.063432102203834,0.15161348971606325,0.027006475818166082
41,7.789629008856144,6.650479714240889,0.21999698429443387,-0.001151912042912369,15.205586359187366,7.071725826473911,0.18489744325579008,0.027963109223973773,23.082565472040443,9.298106964699949,0.16234103125903435,0.02950236549419772
42,7.84173062501866,6.693296963890492,0.1979128523036381,0.005873916328851885,15.17083112164035,7.217697588714385,0.17515310833321834,-0.03691054918599665,23.068679466074748,9.517233157987235,0.13692993346725865,0.03363321751857992
43,7.889089804026144,6.732350470126642,0.20257687050925235,0.013100058575350432,15.12877287901223,7.380904857916898,0.16255934860125282,-0.02169004800216813,23.05225522831007,9.702437149294253,0.14212303812485552,0.03755052641656123
44,7.9338648369235765,6.767048027404032,0.19941055044538405,0.015343805625363674,15.095153850721195,7.492483455520621,0.16595727314756792,-0.0037660973730817187,23.03778258809766,9.834903575514916,0.1379010677471683,0.033871750976158514
45,7.961714954026058,6.775530696838577,0.19297060516518352,0.0033683144423957345,15.048682527152028,7.592846950901268,0.1613332725757872,-0.014682477992040359,23.00285812983577,9.96562033594415,0.1306659649654328,0.03771479284912342
46,7.9858346302288,6.787339046422348,0.1877457444944136,0.04472734537437231,15.014199857122627,7.746643734849662,0.15990253232305532,0.0055839194724001725,22.95336812153189,10.13226052398675,0.1209598803022156,0.05284607229751018
47,7.9950886684066536,6.836384111912966,0.19249157168923264,0.031176831599907768,14.978111194715895,7.943331050870611,0.1525693254293427,-0.011471745204428159,22.91961199460165,10.351922919472779,0.12395084562242055,0.055965952770294834
48,7.995023808051234,6.949706965103524,0.20295173347679826,0.06127474095222803,14.953720050113127,8.185733145649625,0.14184236224459973,0.006689116000769229,22.90665237056132,10.594569004166177,0.14191280382413182,0.04858761272972234
49,7.9747832183605984,7.069034160263642,0.2094923553015053,0.052620842545780984,14.933133602093253,8.410066599972355,0.15653728209962647,0.012044887415910484,22.869987509535733,10.815578419121628,0.12386677382169232,0.0322648778551186
50,7.940944240298253,7.165842588686104,0.20719328837894965,0.03989913847086697,14.912002100801368,8.578754199065598,0.13697169788920513,0.02365912038407857,22.84360530929104,11.015288483686575,0.12802369345283693,0.04283612861468744
51,7.892947257147727,7.249955353827213,0.19436218232263747,0.037780181084555886,14.884448275269108,8.695695334768855,0.12725132338845638,0.013823917530370895,22.799887080605984,11.151328731751294,0.09961484575526036,0.016669808191928436
52,7.834682774209088,7.315234190274298,0.19481634726921526,0.021507924973844936,14.85899965308015,8.786684286741886,0.12897001582545478,0.028120010988296938,22.759977626418934,11.296051212629163,0.09855179915793358,0.029942325940619977
53,7.7644470924632545,7.416514709676008,0.16391799678498958,0.05836857313654442,14.841331669125555,8.904158816628707,0.13140236424524615,0.0262567833284974,22.708632024083787,11.484669243607435,0.10229381637440116,0.058821553290951935
54,7.718037127973429,7.472559206465244,0.1709624968741986,0.003581153800054018,14.81760373492748,9.05516229802917,0.12456160740618805,0.010459730416539458,22.669463229232715,11.698658180160955,0.10093247807352347,0.028941922360784914
55,7.671624790063213,7.528606569387938,0.17287248453903747,-0.00664109097214091,14.805681843195135,9.223715249661447,0.13363534032993168,0.02525065969243847,22.62412169953146,11.950498772141296,0.07608452130361229,0.0247213595499958
56,7.602576308911795,7.571509941887982,0.14196885705342804,-0.002973823623436652,14.778266620867514,9.337908616578364,0.10599935421172578,0.0003700090500136991,22.587784211448067,12.206390964282214,0.0812456821103941,0.05480090454013319
57,7.5360847571650815,7.606800234589173,0.1267493945103905,0.007974395980222846,14.78309299057326,9.419235946588561,0.11185656800462884,0.005666409288591843,22.54921025053504,12.464342834723675,0.07703304624835043,0.03349492178972069
58,7.47937609858934,7.632033820456159,0.16449136006596612,0.012945750795094423,14.784438010036414,9.486286489406282,0.09991228300988583,0.004187565372919931,22.498582063877187,12.694170404239829,0.0459026282862257,0.014033841826691365
59,7.432156651199802,7.6648037678021455,0.1832998244488812,0.016036656665569096,14.780129449837105,9.553048060817947,0.10184095794656206,0.005693793509302699,22.450915648111607,12.921370067228036,0.07431723853700528,0.03465469746273735
60,7.394426228800081,7.705110771452758,0.17599863582636704,0.026617291132980392,14.774931766979305,9.688875216449704,0.1106137127954636,0.027579096098362114,22.41858790497768,13.153648450125502,0.08228724742861898,0.06359881217932642
61,7.3600518943420505,7.7610906579609855,0.1698215027364459,0.03300995620014227,14.7776152475579,9.902004121274985,0.12086137397486467,0.022836993692425967,22.389998074313134,13.396064199670686,0.08157459322461978,0.04466078526221656
62,7.3337786637652425,7.836514034276763,0.17528088310129608,0.036298925868815696,14.799961335691053,10.171215885676373,0.13041070228155938,0.020421770991529756,22.347981490282322,13.665415028059005,0.03690534977884893,0.07878448551396915
63,7.322456975927352,7.9479439906326865,0.17368880152662738,0.03407638807508569,14.82410535682176,10.43352376896203,0.12956286028634476,0.0106520061219053,22.33916203186934,13.965545409543484,0.06746662049751803,0.0448247154887109
64,7.332679076797604,8.066842659154506,0.1828525743059436,0.007344118033458472,14.838244841661565,10.657963822366325,0.0952654884527077,0.033548274320253986,22.308151906722077,14.269556412060972,0.06049850219764742,0.017576439680471432
65,7.334848093374291,8.190268488099834,0.1579653479890256,0.003308902341570379,14.848692564264438,10.779903100150475,0.0992546151641322,0.01218693434051475,22.27175741799392,14.56770609606826,0.061931172247642136,-0.002920599943997825
66,7.344861339316172,8.288037706662577,0.1377276885231015,0.008665091695045299,14.872841380867458,10.89762253358324,0.11554956937252565,0.05024238268458103,22.23412488752086,14.848170211128574,0.06599839162655606,-0.00046076317966542977
67,7.373521003407379,8.357180102263168,0.14107981910979664,0.02335561260055193,14.881208567067835,11.018772070849824,0.10907674858256726,0.033140050070200745,22.195370175083625,15.094657478022244,0.050662011045620216,0.00586179467513622
68,7.407064077494054,8.41530204633711,0.14325418053656142,0.02243300601342283,14.898919909714005,11.177132563124633,0.11153528175774588,0.028015726355392647,22.164403584027433,15.327435699636476,0.026087175589700237,0.012667251862663357
69,7.433005458255143,8.494882930662872,0.1497760608310945,0.01918675589880394,14.913122319406956,11.348043053646748,0.1088877921071879,0.0049445657060887,22.12933611123618,15.599005477681489,0.05206728278825525,0.05116637629388912
70,7.4610254347595015,8.61264216407689,0.14233594159991125,0.027667304329599008,14.925823593059453,11.533731241027922,0.1069941331221098,0.0011204809004383557,22.108505857726776,15.911757663398404,0.06419881219075971,0.025288584643976517
71,7.498007892867165,8.759781888080381,0.15218717074276913,0.023559818787741903,14.929837242875845,11.696394325164075,0.09079993361457654,-0.006030924936400036,22.086793093677805,16.2699031724487,0.058236788549133785,0.038839109921359936
72,7.525633432776289,8.884596286863276,0.15770529815065498,0.009645669246507392,14.938019514951565,11.860707899858653,0.09248999577295022,0.02169333266051229,22.073529346750522,16.643480604757293,0.066363266535076,0.04098678878363688
73,7.557637407567896,8.994841956017167,0.13541855895310315,0.012562399892732416,14.934088769960153,11.99968752500592,0.0919790497414239,0.04172354741227867,22.068737005554038,17.004138050949656,0.08149397080722096,0.03577335212238045
74,7.57606602928684,9.094520988916184,0.10474422527728154,0.007324429743133148,14.928023313070964,12.112427506641946,0.09522520350271456,0.03655353085362063,22.064992647309236,17.330199677201215,0.0995821927262332,0.02207684062168649
75,7.597537959004705,9.178144815357657,0.09375943359550873,0.006720759767272523,14.904271597640847,12.18468951283084,0.08509921785993135,0.01241463328608371,22.05859990312443,17.638475129396387,0.07389048012079581,0.039952433561903096
76,7.613595807360866,9.257261949172296,0.07788586028544453,0.004218147412812509,14.881174743415565,12.271123869309509,0.08287221897594156,0.022982500342730097,22.015106615301782,17.935689025410067,0.021725920793603342,0.048342366157130466
77,7.61313990214907,9.352457191110119,0.07079435334460474,0.013120957835434618,14.839386321757694,12.427984054245249,0.0777568800462837,0.01881136904820723,22.00946927119598,18.215054639043267,0.05459158831299578,0.0405432914976619
78,7.617432816609149,9.451432925674975,0.10199860180923752,-0.0005340683108048256,14.80625669455608,12.634797631107821,0.08361328066284303,-0.008051043211698812,22.021302875665334,18.500356758376466,0.09705370952918677,0.0450508320303215
79,7.618124301368399,9.538942928884168,0.12213475749710405,-0.014563688101699631,14.769110630091175,12.902955501051647,0.07895187533450856,-0.0027570602394975754,22.055056976365794,18.774073222229635,0.11960169800720095,0.03633777419978152
80,7.610998080310894,9.626759873768897,0.12994931495524606,0.003629813034063997,14.75218065308691,13.138272453393608,0.0761510885553548,-0.016882289887172018,22.074680451703454,19.032203934739226,0.10009573979641977,0.0456162566921863
81,7.57980323854677,9.701342279784301,0.11981289170183773,0.006698580599179646,14.727403421250527,13.321592956293607,0.056954080521523426,0.002287512174355918,22.138984845895948,19.236565321265672,0.14326282207134552,0.014552106794344303
82,7.556745150950231,9.770000729856392,0.13272277723019982,0.008582796997643386,14.705096809726605,13.419471436948259,0.06082829314503206,-0.0045737023364059975,22.157677572585268,19.471294960122847,0.0958411583456172,0.0475759641727872
83,7.533447677645371,9.805485899892835,0.13198713316922814,-0.0018430078047672,14.675053702151434,13.502809120790234,0.06407072549077547,0.010951809671725151,22.16139892734512,19.72093461312741,0.09049649287807242,0.034919690387644996
84,7.504466179576645,9.82868216915973,0.13784680274475186,-0.006500690197930642,14.655603436489846,13.573965533183026,0.060421077257536836,-0.00838411730826592,22.161736912188548,19.99533310007489,0.0870055475555184,0.04057135312710715
85,7.45808240537897,9.88343829240968,0.12817076938227978,0.01460321457605998,14.647301146917258,13.741224041121626,0.0662265651462879,0.019366002915534367,22.12650469434383,20.55100222670201,0.05502105869799676,0.0448740804892044
86,7.407394390117765,9.988786223319476,0.12324950463381312,0.020846093339512848,14.662323112202039,13.910419653440135,0.07991118999695761,0.003768516056771397,22.117191221230478,20.819402426605013,0.06704773052079434,0.01134027477669499
87,7.348023995952697,10.12192694688851,0.10690614282057784,0.004480694949024326,14.628211896722314,14.095501601346822,0.047355550361921225,0.02148143035087615,22.120390684797286,21.107719303180502,0.09291062438609513,0.04672917585605324
88,7.307623145534984,10.25818341398141,0.11674277179016986,0.0077540463468000346,14.618612609892342,14.286835449403867,0.07838323872971094,0.0272959316793024,22.118691741650935,21.338202764725374,0.09731788727770882,0.023004973718810467
89,7.260255617831016,10.367268328365359,0.1039233433067046,-0.00399233214510205,14.593005581725118,14.458963829350624,0.060247199625671224,0.018419417397532417,22.110916699500514,21.520013081715675,0.11554076358764925,0.010311738436507274
90,7.218412951834426,10.454057343877883,0.10488343687100683,-0.004946177324512445,14.610969287419062,14.665942819103687,0.1015389731787766,0.05398922972037745,22.098942992612518,21.658208311558557,0.11954336377100945,0.010458689129718977
91,7.186293204936825,10.494756596537213,0.1081875305289041,-0.013283758431161065,14.611235329719864,14.8323808186958,0.07302732301410375,0.011958682761648735,22.079769841970982,21.78394511093504,0.11257000088436724,0.009848598930485371
92,7.1582798488812065,10.550497504645762,0.10096538982253128,-0.0026438717790951746,14.598614372203945,14.987550850802796,0.061497455440581834,0.007878005733283738,22.066355445942484,21.950580144769365,0.12726780884729907,0.021069049129169223
93,7.133062305397986,10.631806143877167,0.09787449700405024,-0.004958108127517872,14.596654980789532,15.142583577905144,0.07799809919502079,-0.0005445383032409624,22.019936277484046,22.206700116718153,0.09896717479272188,0.043237695516144696
94,7.113380598986923,10.777671047263881,0.09329933825428427,0.011455718280083864,14.601033051460021,15.298672160037313,0.07379169988085857,0.005548425785148271,21.97960943431231,22.525168318301727,0.10996921262381096,0.025995620302255832
95,7.101197326893,10.928886442136543,0.08791624349920349,-0.0038385060881495595,14.604694703665327,15.428526397147419,0.06941698136681634,0.009015691760429366,21.89979287054473,23.187354930994577,0.11120215360827572,0.05256501719662468
96,7.085926561574419,11.03475253200737,0.07208616170576734,-0.034692726767003516,14.602475456349769,15.548877897459668,0.06539840904934638,0.018629226871085387,21.87131743552238,23.42613097803248,0.07531472317832756,-0.01018295009179018
97,7.091568502953821,11.109921795784114,0.08506557831705137,-0.02616958894567509,14.573059500102039,15.712487912304963,0.02645320415984019,0.05496569830064759,21.84656369627922,23.619509999827024,0.08699986749145602,0.00015184356783318735
98,7.1164685691316025,11.158540872829855,0.07568306664952773,-0.018869907856774087,14.59273530661451,15.861643120552136,0.07447427755118305,0.015151963015706984,21.819514628287486,23.78784081452791,0.11683965556628513,-0.006123306880424429
99,7.142599820865469,11.198041432665017,0.07609169442777683,-0.017148003939521303,14.61656272672885,16.10532226021686,0.03884862703375649,0.06648145739672141,21.79725613481472,23.960008622595467,0.09150130852781936,0.01662860600582054
100,7.1599676325836565,11.266762512374733,0.07743507267049675,-0.00937067342910244,14.59249298601547,16.354377699485394,0.05671142773199915,0.012157876648421691,21.782418528425822,24.18252103837317,0.12469550628247802,0.008719559218015654
101,7.183995028898535,11.41779354603568,0.0769576666275153,0.002552948735916489,14.586541847586377,16.610095378734712,0.06520535114077969,0.010210885495764876,21.751968114017057,24.417828634442593,0.10892948756157274,0.0153090411056072
102,7.201737958324062,11.629293230242427,0.07057122783731776,-0.0077911360874642266,14.589933710568692,16.850742136371892,0.07342022094285196,0.038710091148210994,21.734929287567105,24.627466886607444,0.11373682428662045,0.016998082279905215
103,7.2072924268517236,11.905229730750651,0.053802645994308965,0.004612513849417825,14.601830763863964,17.025887465081933,0.08290668650091491,0.03502115551261853,21.72034191107427,24.788731097820342,0.1062908859192424,0.012298275102736777
104,7.232248452899385,12.139811619783373,0.06799161100875292,0.001068097577203774,14.627267040153155,17.17408167445324,0.09146244870012507,0.042844141697284434,21.713820947868527,24.903317913316087,0.10541932090903697,0.011080017106371264
105,7.240313545997412,12.297195496794682,0.046731787337911695,-0.010960841765311466,14.637504128132482,17.300927894469233,0.08323229585519354,0.04981350144964245,21.707418988779303,25.00150166048245,0.11503385483643848,0.014940289202997234
106,7.275745084375722,12.39802642295749,0.05479650316569959,-0.01154743438221124,14.640499610944175,17.430252494116555,0.09190523947452943,0.014227682774415568,21.680219269476925,25.102194072644195,0.10608460016699772,0.013966302567545531
107,7.31300254264657,12.454406031602378,0.05469870424525503,-0.005749065479720946,14.642552307503752,17.60355421707191,0.09214728899789128,0.03029648709568654,21.61563867511671,25.223108325828477,0.09622413905727607,0.02327906919715645
108,7.344251725871638,12.5041124014371,0.05691497451155021,-0.01116627405850265,14.660833886577807,17.81889683155588,0.10307121156215372,0.02474520856872598,21.536759882699695,25.386861795223666,0.09642073371748708,0.01752261708140228
109,7.366816122209401,12.581661346974773,0.05593368184755797,-0.010973752091976742,14.602748541154178,18.647592173200987,0.07162177380574375,0.043889879436139714,21.498123931794556,25.45986141290966,0.08645172111230358,-0.03146585318596152
110,7.383125538895979,12.694257693281731,0.056063573836363005,-0.010289591279281892,14.576029693322733,18.97237170932974,0.08355350851747716,0.0585047965078067,21.506149472656087,25.47027238584716,0.10442158857240603,0.01822448462961736
111,7.4141261116313,12.860679673366427,0.06943261098130209,0.008894522602094545,14.553792855984206,19.425435121938378,0.0714415882413273,0.04225043750728085,21.511981943393508,25.467715677330517,0.11076863362821188,0.007163086216078316
112,7.422522544530835,13.050011238161344,0.06290781023055134,0.003406965218040873,14.570810164750009,19.50594142432556,0.07368867696632134,0.03819658213705966,21.503450169660674,25.467277124406944,0.1274732030228442,-0.01160097026531584
113,7.424214712564776,13.219919492579631,0.06356179298403478,-0.0268495525596742,14.565759943902746,19.546919894506225,0.06549362563594206,0.05418103912863866,21.499569489420686,25.473505149387783,0.11269002031532598,0.03146361901198614
114,7.4208587624737,13.366235671076234,0.06556922357804477,-0.029743518947366987,14.554315372125998,19.627389111191388,0.06726143515969361,0.05031798227530922,21.500606244249404,25.467130940056208,0.10079929490754838,0.01560455530097191
115,7.415848911681971,13.47921768317245,0.07305588889131223,-0.020948439042091926,14.542550424137804,19.793184061033763,0.07674503734353708,0.040978033666088695,21.502100520417155,25.46577949618818,0.13299608721345138,0.04372688859171254
116,7.401831980555031,13.5882057970613,0.0559986353195021,0.000390950576685826,14.555161984430423,20.008625107931632,0.06815052320112122,0.0159845609077459,21.50419766331784,25.466601080030856,0.1245051331763462,-0.011111787108305241
117,7.393108158520214,13.679071458209192,0.06173493128744409,-0.0057269764216868295,14.544969183733249,20.2378690677455,0.04991709083070142,0.002878201347978377,21.506294807231775,25.46742266427047,0.0911299804917916,-0.038682381720438114
118,7.380671387095732,13.747805780045748,0.0488352319540838,0.0040149869228719975,14.525979770656571,20.445357213182877,0.050216320278347513,0.047321466351988965,21.508391952158963,25.46824424890705,0.08215507753175376,-0.03153637955998643
119,7.371016378195652,13.792616520517488,0.056982984917527436,0.0013926341547012098,14.509567560677766,20.551960698984974,0.05532575248308578,0.008663781632770194,21.51191102649177,25.469139605394336,0.07478529154914,-0.025458989923210388
120,7.352780492893933,13.838401410541167,0.05493894312290835,-0.002590854789030328,14.48642059080506,20.664631903313225,0.06578353279190043,0.02671192268289499,21.516104609372444,25.4707834210955,0.08750173908372201,-0.00935123827758856
121,7.326842262315965,13.90715539318835,0.06143440932125047,-0.013957555350026456,14.489519381962163,20.765854163696343,0.0846408222853548,0.01522928766748415,21.52037117706514,25.47100273223937,0.09141298747090856,-0.017107475606983013
122,7.2875516733884345,14.048158964300086,0.07787066169589421,-0.004489994102846258,14.489304544213974,20.88898035108697,0.102962460402522,0.014653728121508638,21.525987407221322,25.472719676371284,0.05836706764481631,0.008618898685182261
123,7.24854677558018,14.209024743791403,0.08004649889717078,-0.012391852739007095,14.517142066715515,21.05983864801832,0.09303695435311896,0.06759530401363441,21.53010938153293,25.475788074328822,0.06,3.6739403974420584e-18
124,7.210687946440407,14.36218081269847,0.07548096936492495,-0.008866976019549305,14.510515126603464,21.236065171426308,0.1382223546705316,-0.05003579388131831,21.535797883730854,25.476081156563158,0.08238133058622972,-0.01011515550262723
125,7.165601630094052,14.529860133082336,0.0688924127285567,0.003851683844528297,14.49916722350563,21.486850129233733,0.1006391006300418,0.033283200332544935,21.5393892964944,25.47555129197453,0.07553354696188776,-0.014956045043937825
126,7.0996533060765445,14.689401110309358,0.0629653636043307,-0.002088776238477134,14.479568643980071,21.692387247942484,0.06499010018516542,0.0011344064184234338,21.54351128747181,25.47861969464449,0.06871602350450197,-0.00625364803364682
127,7.054737398393908,14.866349278296369,0.07035980717975338,0.009513019164698728,14.42735420060447,21.842138416946284,0.0680734791508809,0.011269491394671913,21.547030378317572,25.47951505562877,0.054197434416591965,0.009361522454131806
128,7.027767828684405,15.01519400227108,0.0947381487750535,-0.015513966825922697,14.439787417468535,21.889084573226953,0.04992904499772672,0.017778933196763533,21.55474308411848,25.48205424281491,0.05597236738048096,-0.001759002508375196
129,7.003629999300575,15.164203619005358,0.0936508451952848,-0.02526893733833693,14.345514443486962,21.93338836668371,0.05327489672677636,0.008819601961047583,21.553393401316033,25.480556600818506,0.04261513848654728,0.022089589669624862
130,6.976435015559607,15.329379438273214,0.08454973945495982,-0.008737365626915941,14.300881397001096,22.047936611966215,0.057485398983140826,0.02322560879178654,21.561828963883706,25.468848997578448,0.07133384451394395,0.009771521215269934
131,6.957880373506573,15.480135904474178,0.08484520589819937,-0.01404603275277947,14.268116444675504,22.299216842629463,0.07179937856929035,0.03047702802216335,,,,
132,6.946343312350359,15.595111350398442,0.10098211701288014,-0.03222750445810195,14.239284786396954,22.569999301819525,0.0719879811086982,0.02436658728451137,,,,
133,6.926863346420974,15.699759794985454,0.09037042706703936,-0.017239080941886684,14.206020724485668,22.7907080707265,0.07530686520857954,0.020319351674126598,,,,
134,6.91787172733414,15.795030657429356,0.0908302666563899,-0.005555417097671967,14.178556231291928,22.916919920905052,0.06681767016496584,0.012625329846219236,,,,
135,6.910965426580802,15.891126368291152,0.08296582060999158,-0.013140495063379387,14.171049484597829,22.937211835165726,0.0709930792046606,-0.0009913148040793269,,,,
136,6.909996164226032,15.995338373860307,0.08739901715938679,-0.0102670248647413,14.172819354934887,22.957268120292678,0.0742144341801727,0.010826715075073002,,,,
137,6.909026817837537,16.099559414468168,0.0788071947423526,-0.03443001679989298,14.17467434526254,23.028670496557584,0.07059799403345751,0.007544749064872579,,,,
138,6.905128427862628,16.242656913882044,0.0739615943310587,-0.017483780026295945,14.209069151760767,23.223704117160658,0.09470071269063353,0.020994642551995974,,,,
139,6.9038007960184204,16.378099310862115,0.09113299752973716,-0.01854121790079933,14.221005883150164,23.491800827026147,0.0677809637350248,0.005453526854362434,,,,
140,6.9117666279493015,16.48778217649688,0.09488760116444968,-0.031564903694710204,14.2388281677703,23.78309277157987,0.06472056746407646,0.012932445520006185,,,,
141,6.912987428845787,16.60351355569173,0.08137215729022572,-0.024567702740280098,14.24675093212722,24.03326370138547,0.061808874691453936,0.00486446393512639,,,,
142,6.9129979588622925,16.740485294423973,0.08025057507818692,-0.010992961367178668,14.241967595501794,24.14863996725008,0.04998480583331902,-0.025249142278608125,,,,
143,6.922879875886885,16.891469336963116,0.10595868335534804,-0.01489152180272699,14.26888294471036,24.11219619184051,0.06893654271085457,-0.012155372436685123,,,,
144,6.931563439654094,17.026081872243616,0.09697794971033503,-0.019906714193450543,14.268283228208395,23.990837231151207,0.044343355431757055,0.0076594274624714785,,,,
145,6.932623993267852,17.144696232172922,0.09399298474808247,-0.0011483980785132193,14.279341551823913,23.94430544334303,0.06886091308521701,0.017296665836807633,,,,
146,6.949925315902708,17.203098383482615,0.13310946500451815,-0.02251378080667386,14.246665848746018,24.101061473103037,0.056625168412956124,0.012553497608409969,,,,
147,6.9672274495725235,17.261503272512876,0.11012473184590704,0.013911988925637749,14.239952410296375,24.38481201811625,0.07648970295123053,0.008850160587950764,,,,
148,6.988440602791319,17.313722110660088,0.09399484592035814,0.0009843477069271533,14.234728839216142,24.73368716478587,0.06011714069652545,0.01883956991213344,,,,
149,6.939165000414407,17.466695438729985,0.06343038025195633,0.038112817543344016,14.16881881028938,24.990973385238064,0.03358523381584865,-0.02351663389039289,,,,
150,6.934285012218808,17.664595758720274,0.10520827510934314,0.019499201227659774,14.170579442624348,25.19678691255748,0.051078726505647286,0.02295568989512806,,,,
151,6.929576899179164,17.909424721509158,0.09551842365968106,0.04113673226654838,14.20466365189497,25.18639503485839,0.0508564418097809,-0.0038239150681427204,,,,
152,6.928895207264564,18.12111434129931,0.10237797841188352,0.011302634042377696,14.235056906980633,25.072235343493336,0.041659566588781234,-0.005336713561256729,,,,
153,6.938460696704984,18.277938899438034,0.1218036190903574,-0.02323528300862988,14.218786230318766,25.02997056647663,0.034530351404422226,0.018128839783260155,,,,
154,6.949584872489837,18.419938791824297,0.1189644772839608,-0.002907429200165669,14.213726927648775,25.123998549317466,0.03987725045103774,0.022930436028676175,,,,
155,6.954501884929845,18.545997256176374,0.1069489514240896,0.015030694903687072,14.222784770052854,25.366647233068882,0.03961402594169652,0.019150168372382426,,,,
156,6.954433336775923,18.684607322513074,0.111950704333371,-0.00332261933753239,14.180466131187744,25.60956246480993,0.03324463004979261,0.007127031138729956,,,,
157,6.953384249508615,18.877927930573897,0.12198810792913513,0.00170338600137576,14.098634670447069,25.645376545202517,0.027647586589025518,-0.004428425883125546,,,,
158,6.959318833441718,19.09866278863769,0.12689768817953465,-0.0050967376516351,14.013294584853167,25.61383473397775,0.03326805060697243,-0.01087367503707562,,,,
159,6.940677000408999,19.350889071786693,0.08682832537325963,0.005462775199050296,13.888057609982472,25.620977126964576,0.02868889765592666,-0.004236407828309922,,,,
160,6.925598702059238,19.590547122872913,0.0929987251790107,-0.00048694463632204687,13.795814859224011,25.75702950464714,0.04276971835085956,0.016933729423495202,,,,
161,6.927791961369491,19.777065887471878,0.0985105014261614,-0.009832655224620238,13.71340675690502,25.92219772137096,0.03928245467863183,0.017489675652259406,,,,
162,6.916058738611971,19.933007637947586,0.08292719489820526,-0.003475679259523532,13.67345904661593,25.98805604190116,0.03852739745222224,-0.014022825876352415,,,,
163,6.913448154855652,20.0538546096593,0.0999194395114446,-0.0040131792532559826,13.67555552338404,25.98887823236246,0.031836182682521225,-0.0032338015098542857,,,,
164,6.912269459225802,20.137064361077336,0.11491523538722145,-0.0044145980450647675,13.698577370835032,25.972189739362964,0.04490106607314225,0.0029823255180000128,,,,
165,6.907083930464349,20.17807925661362,0.10227544733497332,-0.012195608735569607,13.711212200570712,25.989280586181106,0.04030034931513172,0.007542005375121537,,,,
166,6.90656371743515,20.21221721254472,0.08910212919449018,-0.01268111087438248,13.71442380719204,25.9958792967227,0.04391793113056215,-0.0026861357395336987,,,,
167,6.9066559429961805,20.260624202691364,0.09585952035131633,-0.005191566046538461,13.713231667078563,25.991529134565862,0.027401561596449537,-0.02012844807917347,,,,
168,6.889931398612144,20.34162381791025,0.08099802608713698,-0.0005654820841348455,13.713308683804705,25.990102775895323,0.044728242995483086,0.00493804399909705,,,,
169,6.873090042477858,20.449676038846732,0.06891762347655896,0.003370634115897324,13.713308683804705,25.990102775895323,0.012873484893640416,-0.0018092503124808497,,,,
170,6.854512558278143,20.61318543614142,0.07280395683738544,0.0053463883903170925,13.712866933593755,25.985076033086944,0.05426146888838332,-0.008982927923289197,,,,
171,6.823396438348316,20.821648406707766,0.08466727347780154,0.015081538443910926,13.714290686622832,25.985149183607035,0.020541221494687862,0.023217627344459063,,,,
172,6.787562856377972,21.012810813438325,0.07894177039643907,0.0030326369179140673,13.711598499369158,25.982151611590012,0.049510728422591216,-0.015896155858081504,,,,
173,6.7445519790183255,21.167304398403953,0.07089610359316102,0.003839595721919079,13.713617960204196,25.984400147341123,0.018867739505569303,-0.016401475724762683,,,,
174,6.712735138619652,21.27537429065703,0.06550804600832726,0.008043376664739735,13.713694976472233,25.982973797140012,0.05739372690620776,-0.020663013134962785,,,,
175,6.698817374232424,21.344476787572102,0.08591814705603977,0.0037512673134188963,13.713175568492437,25.979372713491177,0.03347066645870625,-0.010233009665295785,,,,
176,6.670281127944538,21.41995595359285,0.08696608000851082,0.002429182568950521,13.712656162035652,25.97577164040147,0.02780303422698303,-0.003315311112582029,,,,
177,6.6408352855304456,21.548836727268103,0.0945704953108583,0.016505193626823268,13.714310167739505,25.97156778065168,0.01818454535324514,0.021291367036800863,,,,
178,6.618027908759901,21.698740526868285,0.09684875412565216,0.00541468598433688,13.714078552360794,25.9758447212482,0.014719389959883675,0.0028878294978886177,,,,
179,6.594702420994136,21.98264484156455,0.10086158301021196,0.00528593158053734,13.738656961211241,25.96995811436384,0.017045320012244174,-0.02221389352815458,,,,
180,6.5634779289041845,22.10507916731874,0.0853860239122877,0.02128912681277076,13.766620616729767,25.954238350905808,0.020686338794229226,-0.007488350104687095,,,,
181,6.547138126891063,22.229005783864846,0.10992367423766182,0.026187513094839743,13.833758844599556,25.939817203765067,0.03145580002927675,-0.01750807369524567,,,,
182,6.520335919769832,22.348841568593148,0.0967753750470537,0.006597483194529032,13.839931890962141,25.917974669322142,0.028619516730502406,0.011913155002453928,,,,
183,6.499705733666882,22.460449623909078,0.08781657440795176,-0.005678843126260275,13.841431813824544,25.916622201741024,0.03043678588619486,0.024384463597092496,,,,
184,6.468124103002196,22.576497181619786,0.05955276909847933,-0.007312160604308842,13.83768164548656,25.920003696368493,0.0230012510702441,0.02078322518772278,,,,
185,6.458540352723843,22.69440184381309,0.062275114868947073,-0.0095294316755748,13.83818179420158,25.93718465323165,0.016092256831807396,0.01643287163155448,,,,
186,6.423663896933565,22.84311712835721,0.06804090278702445,0.02028387408575315,13.835316927179313,25.950619359564982,0.012459288836503022,0.019333031880400732,,,,
187,6.4239708391898285,22.97511188262061,0.0858207431714074,-0.005549778509754359,13.83029750599287,25.951075909830195,0.030744932933043007,-0.008874068905676102,,,,
188,6.4091624054825695,23.171989040046924,0.07412229046974697,0.030097941051149286,13.816373389464225,25.944642202666763,0.039131031558593064,0.015256551679865104,,,,
189,6.376917041773979,23.34944638878311,0.06401250394579353,0.011287131548350477,,,,,,,,
190,6.369255643266016,23.471095469696284,0.08988474214657675,-0.004553364606904169,,,,,,,,
191,6.3730346452723285,23.529817507075034,0.07799702999900536,0.0006806697688731639,,,,,,,,
192,6.384943377147112,23.546133288267146,0.06579654402638645,0.00517830031803777,,,,,,,,
193,6.3811429217535265,23.625170095425936,0.06449124673723775,0.032013732901314755,,,,,,,,
194,6.375798000207558,23.78123410833436,0.07352033809662914,0.014824300528434437,,,,,,,,
195,6.354232865256684,23.99646263483548,0.05702878463870936,0.010569660478544551,,,,,,,,
196,6.334371235323904,24.181822165678806,0.057332645434903635,-0.008773127574338705,,,,,,,,
197,6.3337589855224765,24.317488856382,0.06326360875575575,0.009680692495822013,,,,,,,,
198,6.341360928882228,24.35930665499375,0.06158911146722456,-0.00712610333055775,,,,,,,,
199,6.359839214048503,24.348114085733343,0.05281412154022373,0.0044349256966127295,,,,,,,,
200,6.372991591185137,24.35521845612318,0.05479191666848418,0.015711329281568952,,,,,,,,
201,6.372503673697933,24.463765309191373,0.05468567225338987,0.027027342640274968,,,,,,,,
202,6.367765650884647,24.684267954032425,0.04907114099492972,0.020025561701378758,,,,,,,,
203,6.350420258741349,24.92560058572565,0.05580864362469854,0.015792254328353322,,,,,,,,
204,6.33061232094968,25.097528114158624,0.04628596439157378,0.00816146435034573,,,,,,,,
205,6.335410129744087,25.16352892519244,0.047946713998174566,0.0022611096340628377,,,,,,,,
206,6.348831424119045,25.17851384165915,0.049632122511631495,0.011732536596593336,,,,,,,,
207,6.351881160646586,25.200112993616205,0.049997011579739715,0.020403402488197223,,,,,,,,
208,6.3441322180732405,25.273337124520822,0.04224332017606085,0.02060344389908664,,,,,,,,
209,6.340734188547605,25.39540052724617,0.037070113533483565,0.012116380755598555,,,,,,,,
210,6.3191326123467855,25.548713516322554,0.012994931495524607,0.0003629813034063997,,,,,,,,
